frame 27. 18.

color 66 170 255
thickness 2

path 5
1. 1.
2. 2.
3. 1.
2. 0
1. 1.

path 5
0. 12.
1. 13.
2. 12.
1. 11.
0. 12.

path 5
2. 14.
3. 15.
4. 14.
3. 13.
2. 14.

path 9
2. 16.
3. 17.
4. 17.
5. 16.
5. 15.
4. 14.
3. 14.
2. 15.
2. 16.

path 5
23. 8.
25. 10.
27. 8.
25. 6
23. 8.

path 5
25. 12.
24. 13.
25. 14.
26. 13.
25. 12.

path 5
16. 16.
17. 17.
18. 16.
17. 15.
16. 16.

path 9
15. 16.
17. 16.
18. 15.
18. 13.
17. 12.
15. 12.
14. 13.
14. 15.
15. 16.

color 0 0 0

path 4
6. 6.
6. 7.
5. 7.
5. 6.

color 255 165 0

path 9
5. 6.
4. 7.
4. 8.
5. 9.
6. 9.
7. 8.
7. 7.
6. 6.
5. 6.

path 14
1. 7.
2. 9.
3. 10.
5. 11.
8. 11.
12. 10.
16. 8.
17. 6.
9. 2.
5. 3.
2. 5.
3. 6.
2. 7.
1. 7.

path 6
8. 11.
10. 9.
8. 7.
10. 5.
8. 3.
9. 2.

color 255 0 0

path 14
9. 4.
16. 4.
17. 3.
17. 1.
15. 0.
12. 1.
9. 4.
17. 3.
9. 4.
17. 2.
9. 4.
17. 1.
9. 4.
15. 0.

color 255 165 0

path 20
5. 11.
8. 16.
8. 14.
6. 11.
8. 14.
9. 15.
9. 13.
7. 11.
10. 14.
10. 12.
8. 11.
10. 12.
11. 13.
11. 11.
10. 10.5
11. 11.
12. 12.
12. 10.
13. 11.
13. 9.5

color 255 0 0

path 21
17. 6.
16. 8.
14. 9.
19. 11.
20. 13.
21. 14.
23. 15.
24. 15.
23. 14.
22. 11.
21. 9.
20. 8.
21. 7.
22. 5.
23. 2.
24. 1.
23. 1.
21. 2.
20. 3.
19. 5.
17. 6.